UTR	microRNA	Start	End	Seed	Loop	dGduplex	dG5	dG3	dG0	dG1	dGopen	ddG
NC_001440	Brachypodium_distachyon_miRNA_00736	1403	1395	8:1:1	0	-18.9	-8.6	-10.3	-55.07	-38.70	-16.36	-2.53
NC_001440	Brachypodium_distachyon_miRNA_00736	1439	1431	8:1:1	0	-13.81	-8.4	-5.41	-53.60	-40.53	-13.06	-0.74
NC_001440	Brachypodium_distachyon_miRNA_00736	713	705	8:1:1	0	-12.82	-9.3	-3.52	-53.98	-37.45	-16.52	3.70
NC_001440	Brachypodium_distachyon_miRNA_00736	861	853	8:0:1	0	-16.8	-12.6	-4.2	-57.61	-35.00	-22.60	5.80
NC_001440	Oryza_sativamiRN735p	1666	1658	8:1:1	0	-15.44	-4.3	-11.14	-58.71	-39.99	-18.72	3.28
NC_001440	Oryza_sativamiRN735p	1714	1706	8:1:1	0	-23.2	-7.9	-15.3	-66.09	-42.09	-23.99	0.79
NC_001440	Oryza_sativamiRN735p	2022	2014	8:1:0	0	-15.69	-8.9	-6.79	-60.20	-47.05	-13.15	-2.53
NC_001440	Rhamphospermum_arvense_miRNA_00033	1208	1200	8:1:1	0	-8.6	-0.7	-7.9	-46.56	-27.41	-19.15	10.55
NC_001440	Rhamphospermum_arvense_miRNA_00033	1500	1492	8:1:1	0	-5.91	-4.7	-1.21	-47.64	-31.53	-16.10	10.19
NC_001440	Rhamphospermum_arvense_miRNA_00033	2213	2205	8:1:1	0	-9.83	-0.73	-9.1	-53.99	-30.48	-23.50	13.67
NC_001440	Theobroma_cacao_miRNA_00667	179	172	7:0:1	0	-13.3	-9.1	-4.2	-58.38	-38.52	-19.85	6.55
NC_001440	Theobroma_cacao_miRNA_00667	1841	1833	8:1:1	0	-18.1	-9.1	-9	-58.78	-40.24	-18.53	0.43
NC_001440	athmiR156a5p	1237	1229	8:1:1	0	-20.4	-5.7	-14.7	-51.17	-39.46	-11.71	-8.68
NC_001440	athmiR156a5p	2138	2130	8:1:0	0	-9.5	-6.3	-3.2	-84.33	-58.09	-26.23	16.73
NC_001440	athmiR159a	1740	1733	7:0:1	0	-14.32	-7.1	-7.22	-61.59	-40.20	-21.39	7.07
NC_001440	athmiR159a	1745	1737	8:1:0	0	-8.7	-4.3	-4.4	-60.68	-40.51	-20.17	11.47
NC_001440	athmiR159a	2031	2023	8:1:1	0	-11.5	-4.5	-7	-58.24	-44.87	-13.36	1.86
NC_001440	athmiR159a	683	677	6:0:0	0	-10.8	-6.2	-4.6	-53.37	-40.05	-13.31	2.51
NC_001440	athmiR159a	797	789	8:1:1	0	-13	-2.8	-10.2	-55.22	-33.65	-21.57	8.57
NC_001440	athmiR168a5p	2001	1993	8:1:1	0	-12.3	-4.1	-8.2	-58.63	-48.11	-10.51	-1.78
NC_001440	osamiR4083p	499	491	8:1:1	0	-16.4	-6.9	-9.5	-52.98	-40.56	-12.42	-3.97
NC_001440	osamiR4083p	861	853	8:1:1	0	-11.81	-9.1	-2.71	-57.61	-35.00	-22.60	10.79
NC_002034	Brachypodium_distachyon_miRNA_00736	1794	1786	8:1:0	0	-20.9	-10.5	-10.4	-59.79	-36.03	-23.75	2.85
NC_002034	Brachypodium_distachyon_miRNA_00736	588	580	8:1:1	0	-21.2	-9.1	-12.1	-61.01	-38.99	-22.01	0.81
NC_002034	Brachypodium_distachyon_miRNA_00736	990	982	8:1:1	0	-12.1	-6.6	-5.5	-53.52	-36.84	-16.67	4.57
NC_002034	Oryza_sativamiRN735p	1366	1358	8:1:1	0	-15.04	-7.5	-7.54	-46.29	-32.92	-13.37	-1.66
NC_002034	Oryza_sativamiRN735p	2248	2241	7:0:1	0	-20.2	-8.8	-11.4	-58.56	-35.07	-23.49	3.29
NC_002034	Oryza_sativamiRN735p	2649	2641	8:1:0	0	-15.2	-6.6	-8.6	-50.11	-32.59	-17.51	2.31
NC_002034	Oryza_sativamiRN735p	3164	3156	8:1:0	0	-17.89	-8.9	-8.99	-68.42	-50.57	-17.84	-0.041
NC_002034	Oryza_sativamiRN735p	609	601	8:1:0	0	-22.26	-8.8	-13.46	-59.34	-34.84	-24.49	2.23
NC_002034	Oryza_sativamiRN735p	843	835	8:0:1	0	-25.2	-11.7	-13.5	-52.76	-36.48	-16.28	-8.91
NC_002034	Rhamphospermum_arvense_miRNA_00033	1172	1164	8:1:0	0	-12.8	-5.1	-7.7	-45.74	-28.39	-17.35	4.55
NC_002034	Rhamphospermum_arvense_miRNA_00033	1688	1680	8:1:1	0	-12.55	-5.4	-7.15	-63.35	-44.12	-19.22	6.67
NC_002034	Rhamphospermum_arvense_miRNA_00033	3354	3346	8:1:1	0	-15.4	-4	-11.4	-50.06	-27.99	-22.06	6.66
NC_002034	Theobroma_cacao_miRNA_00667	1762	1755	7:0:0	0	-16.8	-11.9	-4.9	-66.38	-49.06	-17.32	0.52
NC_002034	Theobroma_cacao_miRNA_00667	2071	2063	8:1:1	0	-15.4	-9	-6.4	-54.27	-30.23	-24.03	8.63
NC_002034	Theobroma_cacao_miRNA_00667	2896	2888	8:1:1	0	-11.5	-7.1	-4.4	-43.43	-25.22	-18.21	6.71
NC_002034	Theobroma_cacao_miRNA_00667	3131	3124	7:0:1	0	-15.8	-9.4	-6.4	-70.66	-48.84	-21.82	6.02
NC_002034	athmiR156a5p	2090	2083	7:0:0	0	-15.7	-9.7	-6	-57.37	-39.48	-17.89	2.19
NC_002034	athmiR156a5p	2402	2395	7:0:0	0	-14.96	-8.8	-6.16	-47.94	-36.44	-11.50	-3.45
NC_002034	athmiR156a5p	2469	2461	8:1:1	0	-13.5	-5.4	-8.1	-57.85	-38.74	-19.10	5.60
NC_002034	athmiR156a5p	3280	3272	8:1:0	0	-9.5	-6.3	-3.2	-84.26	-60.53	-23.73	14.23
NC_002034	athmiR156a5p	935	927	8:1:1	0	-10.4	-2.6	-7.8	-61.37	-39.80	-21.56	11.16
NC_002034	athmiR159a	2270	2262	8:1:1	0	-10.4	-1.9	-8.5	-52.62	-37.27	-15.34	4.94
NC_002034	athmiR159a	2694	2686	8:1:1	0	-8.61	-2.2	-6.41	-54.27	-34.20	-20.06	11.45
NC_002034	athmiR159a	2722	2714	8:0:1	0	-16.7	-6.9	-9.8	-56.06	-47.12	-8.94	-7.75
NC_002034	athmiR159a	3173	3165	8:1:1	0	-11.5	-4.5	-7	-67.89	-50.29	-17.59	6.09
NC_002034	athmiR159a	564	556	8:1:1	0	-13.2	-7.7	-5.5	-61.67	-46.85	-14.81	1.61
NC_002034	athmiR168a5p	1555	1547	8:1:1	0	-21.28	-8.8	-12.48	-59.63	-43.36	-16.26	-5.01
NC_002034	athmiR168a5p	992	984	8:1:1	0	-20.3	-9.1	-11.2	-52.48	-34.50	-17.98	-2.31
NC_002034	osamiR4083p	1174	1167	7:0:1	0	-16.1	-9.6	-6.5	-45.42	-27.24	-18.18	2.08
NC_002034	osamiR4083p	2506	2498	8:1:1	0	-15.1	-8.4	-6.7	-51.52	-35.87	-15.65	0.55
NC_002035	Brachypodium_distachyon_miRNA_00736	249	242	7:0:0	0	-20	-11.6	-8.4	-67.17	-47.76	-19.40	-0.59
NC_002035	Brachypodium_distachyon_miRNA_00736	2548	2541	7:0:0	0	-20.1	-11.6	-8.5	-59.50	-43.93	-15.56	-4.53
NC_002035	Oryza_sativamiRN735p	1102	1094	8:1:0	0	-18.8	-10.1	-8.7	-53.09	-35.77	-17.32	-1.47
NC_002035	Oryza_sativamiRN735p	1459	1451	8:1:0	0	-15.11	-10.1	-5.01	-43.86	-31.65	-12.21	-2.89
NC_002035	Oryza_sativamiRN735p	2175	2167	8:1:1	0	-10.3	-4.5	-5.8	-52.94	-32.24	-20.69	10.39
NC_002035	Oryza_sativamiRN735p	2858	2850	8:1:0	0	-15.77	-8.9	-6.87	-58.03	-43.15	-14.87	-0.89
NC_002035	Rhamphospermum_arvense_miRNA_00033	1487	1479	8:1:1	0	-6.4	-3.2	-3.2	-43.36	-32.15	-11.20	4.80
NC_002035	Rhamphospermum_arvense_miRNA_00033	2376	2370	6:0:0	0	-10.81	-7.7	-3.11	-50.49	-29.40	-21.09	10.28
NC_002035	Rhamphospermum_arvense_miRNA_00033	2411	2403	8:1:0	0	-12.29	-5.5	-6.79	-50.77	-34.05	-16.72	4.43
NC_002035	Rhamphospermum_arvense_miRNA_00033	2493	2485	8:0:1	0	-20.5	-10	-10.5	-53.23	-31.38	-21.85	1.35
NC_002035	Rhamphospermum_arvense_miRNA_00033	2514	2506	8:1:0	0	-22.9	-6.9	-16	-56.73	-35.84	-20.89	-2.00
NC_002035	Rhamphospermum_arvense_miRNA_00033	261	255	6:0:0	0	-15.4	-8.4	-7	-65.10	-46.93	-18.17	2.77
NC_002035	Rhamphospermum_arvense_miRNA_00033	3047	3039	8:1:1	0	-7.66	-4	-3.66	-49.75	-27.22	-22.52	14.86
NC_002035	Theobroma_cacao_miRNA_00667	1235	1227	8:1:1	0	-15.9	-9	-6.9	-45.36	-27.76	-17.60	1.70
NC_002035	Theobroma_cacao_miRNA_00667	2661	2653	8:1:1	0	-14.07	-3.7	-10.37	-86.2	-48.73	-37.46	23.39
NC_002035	athmiR156a5p	2974	2966	8:1:0	0	-9.5	-6.3	-3.2	-77.84	-54.03	-23.80	14.30
NC_002035	athmiR156a5p	3031	3023	8:1:1	0	-13.6	-5.7	-7.9	-58.35	-26.88	-31.46	17.86
NC_002035	athmiR156a5p	818	810	8:1:1	0	-14.2	-5.3	-8.9	-55.29	-31.81	-23.48	9.28
NC_002035	athmiR159a	1412	1405	7:0:1	0	-8.11	-6.6	-1.51	-43.34	-31.99	-11.35	3.24
NC_002035	athmiR159a	1686	1679	7:0:1	0	-11.8	-6.8	-5	-50.24	-34.88	-15.35	3.55
NC_002035	athmiR159a	2312	2304	8:1:1	0	-13.69	-6.9	-6.79	-51.92	-35.72	-16.19	2.50
NC_002035	athmiR159a	2867	2859	8:1:1	0	-11.5	-4.5	-7	-56.69	-42.18	-14.51	3.01
NC_002035	athmiR159a	944	936	8:1:0	0	-12.94	-8.1	-4.84	-39.64	-27.31	-12.33	-0.60
NC_002035	osamiR4083p	1014	1008	6:0:0	0	-9.1	-8.2	-0.9	-47.97	-33.84	-14.12	5.02
NC_002035	osamiR4083p	1824	1816	8:1:1	0	-17.7	-6.7	-11	-55.25	-43.10	-12.14	-5.55
NC_002035	osamiR4083p	2347	2340	7:0:1	0	-12.5	-9.6	-2.9	-50.00	-35.50	-14.49	1.99
NC_002035	osamiR4083p	2373	2365	8:1:1	0	-9.81	-5.1	-4.71	-50.94	-29.68	-21.25	11.44
