ListCorr(A)1,ListCorr(A)2,ListCorr(A)3,SimScoreB(A)1,SimScoreB(A)2,SimScoreB(A)3,SimScore(A)1,SimScore(A)2,SimScore(A)3,PhPrScore(A)1,PhPrScore(A)2,PhPrScore(A)3,PhPrScore2(A)1,PhPrScore2(A)2,PhPrScore2(A)3,PhPrScore3(A)1,PhPrScore3(A)2,PhPrScore3(A)3,SubScore(A)1,SubScore(A)2,SubScore(A)3,SSDist(A)1,SSDist(A)2,SSDist(A)3,OUIndexA(A)1,OUIndexA(A)2,OUIndexA(A)3,SubPhPrScore(A)1,SubPhPrScore(A)2,SubPhPrScore(A)3,SubScore2(A)1,SubScore2(A)2,SubScore2(A)3,SubPhPrScore2(A)1,SubPhPrScore2(A)2,SubPhPrScore2(A)3,SRCompatF(A)1,SRCompatF(A)2,SRCompatF(A)3,SRCompatS(A)1,SRCompatS(A)2,SRCompatS(A)3,RCompat(A)1,RCompat(A)2,RCompat(A)3,RCompat2(A)1,RCompat2(A)2,RCompat2(A)3,RCompat3(A)1,RCompat3(A)2,RCompat3(A)3,RCompat4(A)1,RCompat4(A)2,RCompat4(A)3,RCompatS(A)1,RCompatS(A)2,RCompatS(A)3,RCompatS2(A)1,RCompatS2(A)2,RCompatS2(A)3,RCompatS3(A)1,RCompatS3(A)2,RCompatS3(A)3,RCompatS4(A)1,RCompatS4(A)2,RCompatS4(A)3,RCompatXF(A)1,RCompatXF(A)2,RCompatXF(A)3,RCompatXS(A)1,RCompatXS(A)2,RCompatXS(A)3,RCompatC(A)1,RCompatC(A)2,RCompatC(A)3,RCompatD(A)1,RCompatD(A)2,RCompatD(A)3,TrpScore(A)1,TrpScore(A)2,TrpScore(A)3,BadDists(A)1,BadDists(A)2,BadDists(A)3,OUList(A)1,OUList(A)2,OUList(A)3,ListCorr2(A)1,ListCorr2(A)2,ListCorr2(A)3,ListCorr3(A)1,ListCorr3(A)2,ListCorr3(A)3,Consensus(A:0)1,Consensus(A:0)2,Consensus(A:0)3,Consensus(A:1)1,Consensus(A:1)2,Consensus(A:1)3,Consensus(A:2)1,Consensus(A:2)2,Consensus(A:2)3,OuCheck(A)1,OuCheck(A)2,OuCheck(A)3,SetTot(0:A)1,SetTot(0:A)2,SetTot(0:A)3,SetTot(1:A)1,SetTot(1:A)2,SetTot(1:A)3,RankF(A:0)1,RankF(A:0)2,RankF(A:0)3,RankF(A:1)1,RankF(A:1)2,RankF(A:1)3,dMax(A)1,dMax(A)2,dMax(A)3
0,11,11,4.85765,1.30268,-4.85765,1,0,0,-1,-1,-1,1,-1,1,1,-1,1,4.999867,3.222382,2.061919,0,0,0,0,0,0,0.5000,0.5000,0.5000,0.0150,0.0190,0.0040,0.5000,0.5000,0.5000,0,0,0,0,0,0,0,1,1,0,0,0,0,0,0,0,0,0,0,1,5,0,0,0,0,0,0,0,0,0,0,0,0,0,0,0,0,0,0,0,0,0,6,3.96032,1.03329,0,2,2,0,1,2,0.7997,0.3260,0.2398,0.1065,0.3630,0.4568,0,0,0,0,0,0,149.0649,40.07896,0,9,-9,-9,0,0,0,0,0,0,6,8,15,16,8,11,0.6597,0.3013,0.2367
5,6,6,0.1061,0.1142,-0.1061,0,0,0,0.6741,-0.3387,0.9842,0.0603,-0.3728,0.9179,0.0603,-0.3728,0.9179,0.4221,0.6648,0.7328,0.0038,0.0143,0.0152,0,0,1,0.3842,0.9768,-0.0001,0.0280,0.0420,0.0170,0.3025,0.7458,-0.1936,0,0,0,0,0,0,0,0,3,0,0,0,0,0,0,0,0,0,2,0,3,0,0,0,0,0,0,0,0,0,0,0,0,0,0,0,0,0,0,0,0,0,1.0325,3.15278,3,2,0,4,2,1,0,0.1542,0.1466,0.1371,0.0879,0.1048,0.1346,0,0,0,0,0,0,106.3912,220.6206,20.4882,0,0,0,0,0,0,0,0,0,3,8,7,4,0,8,0.3056,0.5737,0.2544
0,0,0,-4.33157,0.1219,3.13827,0,0,1,-0.2796,-0.9976,-0.6679,1,-0.9333,0.1555,1,-0.9333,0.1555,1.994724,2.950292,3.78654,0,0,0,0,0,0,-1,0,-1,0.0010,0.0190,0.0150,0,1,0,0,0,0,0,0,0,0,0,0,1,0,0,0,0,0,0,0,0,0,0,0,0,0,0,3,0,0,0,0,0,0,0,0,0,0,0,0,0,0,0,0,0,0.3776,3,2,0,0,0,2,1,0,0.3520,0.7228,0.7078,0.4070,0.1058,0.2336,0,0,0,0,0,0,6.474424,123.8398,76.68578,-4,4,-4,2,0,0,0,0,0,9,11,13,5,15,16,0.3318,0.3505,0.3426
5,5,5,-0.2674,0.0986,0.2674,0,0,1,0.7670,0.4152,0.4842,0.2994,-0.1196,0,0.2994,-0.1196,0,1.054104,1.73512,2.609522,0.0109,0.0248,0.0573,0,0,1,0.4135,0.7258,0.9840,0.0230,0.0320,0.0160,-0.0447,0.8144,0.3538,0,0,0,0,0,0,1,0,0,0,0,0,0,0,0,0,0,0,2,0,0,0,0,0,0,0,0,0,0,0,0,0,0,0,0,0,0,0,0,0,0,0,1.04592,1.30612,1.2449,1,0,0,2,1,0,0.0928,0.1669,0.1276,0.0756,0.0895,0.0785,0,0,0,0,0,0,14.07934,176.1411,155.2796,0,0,0,0,0,0,0,0,0,5,6,7,5,7,10,0.2183,0.2854,0.3558
0,0,0,0,0,0,0,0,0,0.9550,0.8048,0.7805,0.9989,0.9795,0.9350,0.9989,0.9795,0.9350,0.5405,1.02171,0.9293,0.1282,0.4012,0.3407,0,0,1,0.8507,0.8707,0.8598,0.0050,0.0070,0.0080,0.9574,0.9788,0.9993,0,0,0,0,0,0,2,0,0,0,0,0,0,0,0,0,0,0,2,0,1,0,0,0,0,0,0,0,0,0,0,0,0,0,0,0,0,0,0,0,0,0,0,0.5000,0.7500,0,0,1,0,0,0,0,0,0,0,0,0,0,0,0,0,0,0,19.56358,119.1432,141.7932,0,0,0,2,0,0,0,0,0,14,15,13,16,13,14,0.1829,0.2349,0.2398
10,5,8,0.3722,-0.8421,0.8421,0,0,1,0.4672,0.4140,0.5691,0.2149,0.9031,0.9663,0.2149,0.4877,0.9663,2.551507,4.608806,2.516243,0.5271,0.8583,0.3807,1,1,0,0.5190,0.5078,0.6677,0.0370,0.0270,0.0210,0.9414,0.6118,0.5776,0,0,0,0,0,0,1,1,0,0,0,0,0,0,0,0,0,0,0,1,0,0,0,0,0,0,0,0,0,0,0,0,0,0,0,0,0,0,0,0,0,0,3.63265,0.4529,3,1,1,0,1,2,0,0.4857,0.5036,0.7729,0.3465,0.3041,0.3243,0,0,0,0,0,0,92.75727,68.40493,138.3378,-2,-2,2,0,0,0,0,0,0,1,11,8,2,10,16,0.4719,0.4831,0.5534
3,0,3,0.0355,0.1735,-0.0355,0,1,0,-0.2704,-0.5445,0.8809,0.0319,-0.5035,0.5516,0.0319,-0.5035,0.5516,0.9506,0.8989,0.3550,0.0085,0.0131,0.0028,0,0,0,0.0679,0.8966,-0.4003,0.0160,0.0380,0.0200,-0.0733,0.8304,-0.2703,0,0,0,0,0,0,0,0,0,0,0,0,0,0,2,0,0,0,0,0,2,0,0,0,0,0,0,0,0,0,0,0,0,0,0,0,0,0,0,0,0,0,2.63194,3.59722,0.7947,0,0,0,0,1,2,0.3977,0.4929,0.2349,0.1739,0.0994,0.1394,0,0,0,0,0,0,102.6077,222.16,5.732242,-3,3,-3,0,0,0,0,0,0,7,8,3,7,6,0,0.3111,0.4665,0.2410
0,0,0,0,0,0,0,0,0,0.5520,0.9479,0.7063,0.9932,1,0.9587,0.9932,1,0.9587,0.8708,0.7068,0.9135,0.2781,0.1596,0.3003,0,0,0,0.8395,0.5922,0.7021,0.0020,0,0.0040,0.9828,0.9764,0.9977,0,0,0,0,0,0,0,0,0,0,0,0,0,1,0,0,0,0,0,0,0,0,0,0,0,1,0,0,0,0,0,0,0,0,0,0,0,0,0,0,0,0,0.2500,0,0.5000,0,0,0,0,0,0,0,0,0,0,0,0,0,0,0,0,0,0,97.79639,11.02843,85.67517,0,0,0,0,0,0,0,0,0,15,14,13,14,16,13,0.2356,0.1947,0.2156
6,4,7,-0.0436,0.1484,0.0436,0,1,0,0.1842,-0.3029,0.0520,-0.5393,0.0347,0.1367,-0.5393,0.0347,0.1367,0.5744,0.6067,0.3616,0.0604,0.0323,0.0131,1,1,0,-0.2370,-0.0605,0.1907,0.0300,0.0280,0.0250,0.2398,0.2040,0.2229,0,0,0,0,0,0,1,0,0,0,0,0,0,0,0,0,0,0,1,0,0,0,0,0,0,0,0,0,0,0,0,0,0,0,0,0,0,0,0,0,0,0,1.47449,1.06122,1.06122,1,0,0,2,1,0,0.0878,0.4660,0,0.1361,0.0819,0.1582,0,0,0,0,0,0,98.90774,131.9628,79.62948,0,0,0,0,0,0,0,0,0,4,7,8,1,6,10,0.4053,0.3792,0.3890
0,0,0,0,0,0,0,0,0,0.9954,0.9997,0.9405,1,1,1,1,1,1,0.1647,0.1721,0.1030,0,0,0,0,1,0,1,0,1,0.0030,0.0030,0.0030,1,1,1,0,0,0,0,0,0,0,0,0,0,0,0,0,0,0,0,0,0,0,0,0,0,0,0,0,0,0,0,0,0,0,0,0,0,0,0,0,0,0,0,0,0,0,0,0,0,0,0,0,0,0,0,0,0,0,0,0,0,0,0,0,0,0,54.981,31.57298,37.44602,0,0,0,0,0,0,0,0,0,12,14,16,14,11,13,0.1268,0.1194,0.1171
5,0,5,-0.0123,0.0123,0.0538,0,0,0,0.6315,0.1553,0.6034,0.0819,1,-0.4216,0.0819,1,-0.4216,0.2280,0.4866,0.9034,0.0014,0.0044,0.0274,0,0,0,0.3687,0.7670,0.8249,0.0240,0.0210,0.0340,0.2719,0.0563,0.5396,0,0,0,0,0,0,1,0,0,0,0,0,0,0,0,0,0,0,1,0,0,0,0,0,0,0,0,0,0,0,0,0,0,0,0,0,0,0,0,0,0,0,1.41,6.25,4.57639,0,0,0,2,0,1,0.1583,0.4751,0.6094,0.2366,0.0873,0.1158,0,0,0,0,0,0,2.021025,126.3502,108.1288,-3,3,-3,0,0,0,0,0,0,0,8,7,3,7,10,0.3225,0.3669,0.3818
4,4,0,-0.2157,0.0867,0.2157,0,0,1,0.6334,0.2359,0.6749,0.9905,0.8964,1,0.9905,0.8964,1,1.213771,0.8081,2.870487,0.0101,0.0072,0.1815,0,0,1,0.3500,0.7165,0.8813,0.0140,0.0170,0.0040,0.9453,0.9953,0.9786,0,0,0,0,0,0,0,1,0,0,0,0,0,0,0,0,0,0,0,0,0,0,0,0,0,0,0,0,0,0,0,0,0,0,0,0,0,0,0,0,0,0,0.3725,2.4375,3.25,0,0,0,2,1,0,0.2858,0.1946,0.6509,0.2303,0.2735,0.2098,0,0,0,0,0,0,43.66059,29.2051,128.6343,-4,-4,4,0,0,0,0,0,0,8,5,6,7,3,9,0.2200,0.2645,0.3681
3,6,6,0.5754,-0.5754,0.1447,1,0,0,0.6759,0.9293,0.7553,0.6893,0.7094,0.3689,0.6190,0.7094,0.3689,1.287992,3.658449,2.308564,0.0391,0.1237,0.0963,0,1,0,0.9248,0.7363,0.8310,0.0480,0.0310,0.0480,0.5897,0.5234,0.7272,0,0,0,0,0,0,0,0,1,0,0,0,0,0,0,0,0,0,0,0,1,0,0,0,0,0,0,0,0,0,0,0,0,0,0,0,0,0,0,0,0,0,0.7674,1.25989,2.01435,0,0,0,2,0,1,0.5223,0.4974,0.4694,0.2004,0.2914,0.3316,0,0,0,0,0,0,137.6175,77.92384,94.95862,0,0,0,0,0,0,0,0,0,11,9,6,9,10,7,0.3098,0.2773,0.3491
9,9,9,-0.6607,0.1825,0.6607,0,0,1,0.8109,0.4360,0.8203,0.4402,0.2766,0.0488,0.4402,0.1047,0.0488,1.969489,2.407153,1.652025,0.2215,0.2566,0.1206,1,1,0,0.6103,0.8466,0.7411,0.0280,0.0340,0.0470,0.3110,0.4998,0.5238,0,0,0,0,0,0,1,0,0,0,0,0,0,0,0,0,0,0,1,0,0,0,0,0,0,0,0,0,0,0,0,0,0,0,0,0,0,0,0,0,0,0,4.25,5.55556,5.54167,0,0,0,2,1,0,0,0.2205,0,0.3307,0.3222,0.3307,0,0,0,0,0,0,22.98558,173.2769,112.2375,0,0,0,0,0,0,0,0,0,7,8,6,1,9,13,0.4824,0.6400,0.6365
2,2,2,-0.1093,0.1093,0.0482,0,1,0,0.8909,0.9615,0.4986,0.9576,0.7773,0.1380,0.9576,0.7773,0.1380,0.1899,0.4140,0.2570,0.0008,0.0038,0.0022,0,1,0,0.7639,0.7780,0.9454,0.0080,0.0120,0.0120,0.4582,0.5980,0.8719,0,0,0,0,0,0,0,0,0,0,0,0,0,0,0,0,0,0,0,0,0,0,0,0,0,0,0,0,0,0,0,0,0,0,0,0,0,0,0,0,0,0,0.3675,1.11111,1.24,0,0,0,2,0,1,0.3458,0.6257,0.6257,0.1646,0.2424,0.2424,0,0,0,0,0,0,14.79405,90.51845,148.1875,0,0,0,0,0,0,0,0,0,8,2,3,1,9,2,0.1514,0.1703,0.2009
